fx : 518.8579
fy : 518.8579
cx : 325.5824
cy : 253.7362
depth_max : 10.0
resolution : 0.001